1.000000 0.000000 0.000000 0.000000 0.000000 0.000000 0.000000 0.000000 0.000000 0.000000 0.000000 0.000000 0.000000 0.000000 0.000000 0.000000 0.000000 0.000000 0.000000 0.000000 0.000000 0.000000 0.000000 0.000000 0.000000 0.000000 0.000000 0.000000 0.000000 0.000000 0.000000 0.000000 0.000000 0.000000 0.000000 0.000000 0.000000 0.000000 0.000000 0.000000 0.000000 0.000000 0.000000 0.000000 0.000000 0.000000 0.000000 0.000000
0.000000 1.000000 0.000000 0.000000 0.000000 0.000000 0.000000 0.000000 0.000000 0.000000 0.000000 0.000000 0.000000 0.000000 0.000000 0.000000 0.000000 0.000000 0.000000 0.000000 0.000000 0.000000 0.000000 0.000000 0.000000 0.000000 0.000000 0.000000 0.000000 0.000000 0.000000 0.000000 0.000000 0.000000 0.000000 0.000000 0.000000 0.000000 0.000000 0.000000 0.000000 0.000000 0.000000 0.000000 0.000000 0.000000 0.000000 0.000000
0.000000 0.000000 0.000000 0.000000 0.000000 0.000000 0.000000 0.549020 0.029412 0.607843 0.235294 0.029412 0.284314 0.549020 0.000000 0.088235 0.294118 0.009804 0.274510 0.000000 0.000000 0.470588 0.088235 0.303922 0.147059 0.000000 0.000000 0.000000 0.000000 0.000000 0.088235 0.000000 0.009804 0.019608 0.019608 0.009804 0.000000 0.000000 0.000000 0.058824 0.009804 0.000000 0.000000 0.000000 0.019608 0.000000 0.019608 0.000000
0.000000 0.000000 0.000000 0.000000 0.000000 0.000000 0.000000 0.893443 0.475410 0.631148 0.409836 0.237705 0.016393 0.245902 0.032787 0.147541 0.131148 0.098361 0.213115 0.000000 0.090164 0.000000 0.131148 0.000000 0.000000 0.065574 0.024590 0.000000 0.000000 0.000000 0.016393 0.000000 0.000000 0.008197 0.024590 0.040984 0.000000 0.000000 0.008197 0.008197 0.024590 0.000000 0.000000 0.000000 0.000000 0.000000 0.000000 0.000000
0.000000 0.000000 0.000000 0.000000 0.000000 0.000000 0.000000 0.860000 0.550000 0.470000 0.600000 0.330000 0.010000 0.260000 0.090000 0.220000 0.340000 0.160000 0.140000 0.020000 0.100000 0.000000 0.100000 0.020000 0.010000 0.150000 0.030000 0.030000 0.190000 0.180000 0.030000 0.010000 0.020000 0.010000 0.090000 0.020000 0.000000 0.000000 0.000000 0.000000 0.010000 0.000000 0.000000 0.000000 0.000000 0.000000 0.000000 0.000000
0.000000 0.000000 0.000000 0.000000 0.000000 0.000000 0.000000 0.118812 0.831683 0.099010 0.009901 0.148515 0.792079 0.000000 0.059406 0.217822 0.029703 0.247525 0.029703 0.643564 0.138614 0.000000 0.138614 0.000000 0.049505 0.000000 0.019802 0.009901 0.000000 0.000000 0.000000 0.000000 0.128713 0.009901 0.000000 0.009901 0.000000 0.000000 0.000000 0.009901 0.000000 0.000000 0.000000 0.000000 0.009901 0.000000 0.000000 0.000000
0.000000 0.000000 0.000000 0.000000 0.000000 0.000000 0.000000 0.088235 0.372549 0.147059 0.019608 0.539216 0.117647 0.029412 0.872549 0.303922 0.039216 0.284314 0.058824 0.000000 0.245098 0.019608 0.009804 0.000000 0.029412 0.000000 0.127451 0.156863 0.000000 0.000000 0.029412 0.147059 0.000000 0.098039 0.000000 0.029412 0.107843 0.098039 0.088235 0.009804 0.029412 0.058824 0.049020 0.039216 0.000000 0.029412 0.009804 0.009804
0.000000 0.000000 0.205882 0.400735 0.316176 0.044118 0.033088 0.000000 0.415441 0.573529 0.433824 0.224265 0.073529 0.286765 0.077206 0.176471 0.231618 0.106618 0.198529 0.022059 0.080882 0.099265 0.128676 0.073529 0.033088 0.073529 0.022059 0.018382 0.062500 0.047794 0.036765 0.003676 0.014706 0.014706 0.036765 0.029412 0.000000 0.000000 0.007353 0.003676 0.011029 0.000000 0.000000 0.000000 0.000000 0.000000 0.000000 0.000000
0.000000 0.000000 0.012605 0.243697 0.231092 0.352941 0.159664 0.474790 0.000000 0.331933 0.231092 0.264706 0.306723 0.096639 0.180672 0.197479 0.088235 0.210084 0.088235 0.226891 0.184874 0.004202 0.117647 0.004202 0.021008 0.016807 0.054622 0.025210 0.063025 0.042017 0.029412 0.021008 0.046218 0.021008 0.012605 0.021008 0.012605 0.008403 0.012605 0.008403 0.021008 0.004202 0.004202 0.004202 0.004202 0.000000 0.000000 0.000000
0.000000 0.000000 0.293839 0.364929 0.222749 0.047393 0.071090 0.739336 0.374408 0.000000 0.350711 0.165877 0.113744 0.312796 0.090047 0.180095 0.199052 0.109005 0.255924 0.023697 0.090047 0.146919 0.104265 0.061611 0.033175 0.014218 0.018957 0.004739 0.037915 0.033175 0.042654 0.004739 0.023697 0.023697 0.023697 0.023697 0.000000 0.009479 0.009479 0.028436 0.018957 0.000000 0.000000 0.000000 0.000000 0.000000 0.004739 0.000000
0.000000 0.000000 0.175182 0.364964 0.437956 0.007299 0.014599 0.861314 0.401460 0.540146 0.000000 0.262774 0.058394 0.270073 0.058394 0.167883 0.226277 0.072993 0.175182 0.014599 0.072993 0.043796 0.109489 0.080292 0.036496 0.094891 0.000000 0.000000 0.087591 0.087591 0.021898 0.000000 0.007299 0.014599 0.058394 0.014599 0.000000 0.000000 0.007299 0.000000 0.007299 0.000000 0.000000 0.000000 0.000000 0.000000 0.007299 0.000000
0.000000 0.000000 0.022222 0.214815 0.244444 0.111111 0.407407 0.451852 0.466667 0.259259 0.266667 0.000000 0.103704 0.140741 0.370370 0.244444 0.170370 0.266667 0.140741 0.066667 0.185185 0.014815 0.088889 0.014815 0.037037 0.096296 0.111111 0.051852 0.037037 0.044444 0.000000 0.059259 0.014815 0.051852 0.022222 0.022222 0.044444 0.037037 0.037037 0.000000 0.029630 0.029630 0.007407 0.022222 0.000000 0.014815 0.000000 0.000000
0.000000 0.000000 0.233871 0.016129 0.008065 0.645161 0.096774 0.161290 0.588710 0.193548 0.064516 0.112903 0.000000 0.161290 0.120968 0.169355 0.064516 0.145161 0.088710 0.403226 0.080645 0.104839 0.048387 0.048387 0.048387 0.000000 0.032258 0.024194 0.000000 0.008065 0.032258 0.024194 0.112903 0.008065 0.008065 0.016129 0.024194 0.016129 0.008065 0.032258 0.008065 0.024194 0.008065 0.016129 0.000000 0.008065 0.000000 0.000000
0.000000 0.000000 0.486957 0.260870 0.226087 0.000000 0.026087 0.678261 0.200000 0.573913 0.321739 0.165217 0.173913 0.000000 0.060870 0.208696 0.295652 0.043478 0.278261 0.008696 0.034783 0.165217 0.086957 0.165217 0.060870 0.078261 0.000000 0.017391 0.008696 0.060870 0.060870 0.000000 0.008696 0.017391 0.034783 0.008696 0.000000 0.000000 0.000000 0.034783 0.008696 0.000000 0.000000 0.000000 0.017391 0.000000 0.000000 0.000000
0.000000 0.000000 0.000000 0.037037 0.083333 0.055556 0.824074 0.194444 0.398148 0.175926 0.074074 0.462963 0.138889 0.064815 0.000000 0.287037 0.055556 0.268519 0.083333 0.009259 0.203704 0.009259 0.055556 0.000000 0.046296 0.018519 0.083333 0.166667 0.027778 0.018519 0.027778 0.111111 0.009259 0.074074 0.000000 0.037037 0.092593 0.064815 0.074074 0.009259 0.018519 0.055556 0.037037 0.037037 0.000000 0.027778 0.009259 0.009259
0.000000 0.000000 0.088235 0.176471 0.215686 0.215686 0.303922 0.470588 0.460784 0.372549 0.225490 0.323529 0.205882 0.235294 0.303922 0.000000 0.166667 0.264706 0.156863 0.156863 0.156863 0.019608 0.068627 0.049020 0.049020 0.078431 0.019608 0.078431 0.009804 0.039216 0.029412 0.058824 0.039216 0.068627 0.029412 0.029412 0.039216 0.029412 0.029412 0.019608 0.019608 0.039216 0.019608 0.009804 0.000000 0.019608 0.000000 0.000000
0.000000 0.000000 0.344828 0.183908 0.390805 0.034483 0.045977 0.724138 0.241379 0.482759 0.356322 0.264368 0.091954 0.390805 0.068966 0.195402 0.000000 0.057471 0.206897 0.034483 0.011494 0.091954 0.091954 0.057471 0.045977 0.068966 0.000000 0.022989 0.034483 0.034483 0.045977 0.000000 0.034483 0.000000 0.045977 0.034483 0.000000 0.000000 0.000000 0.011494 0.011494 0.000000 0.000000 0.000000 0.000000 0.000000 0.011494 0.000000
0.000000 0.000000 0.012048 0.144578 0.192771 0.301205 0.349398 0.349398 0.602410 0.277108 0.120482 0.433735 0.216867 0.060241 0.349398 0.325301 0.060241 0.000000 0.048193 0.192771 0.265060 0.000000 0.132530 0.000000 0.036145 0.024096 0.060241 0.048193 0.024096 0.036145 0.000000 0.048193 0.048193 0.072289 0.024096 0.012048 0.060241 0.036145 0.072289 0.000000 0.024096 0.036145 0.036145 0.024096 0.012048 0.000000 0.000000 0.000000
0.000000 0.000000 0.363636 0.337662 0.181818 0.038961 0.077922 0.701299 0.272727 0.701299 0.311688 0.246753 0.142857 0.415584 0.116883 0.207792 0.233766 0.051948 0.000000 0.038961 0.077922 0.168831 0.064935 0.168831 0.090909 0.077922 0.000000 0.038961 0.025974 0.025974 0.025974 0.012987 0.000000 0.000000 0.012987 0.000000 0.000000 0.012987 0.012987 0.064935 0.000000 0.000000 0.000000 0.000000 0.000000 0.000000 0.000000 0.000000
0.000000 0.000000 0.000000 0.000000 0.029851 0.970149 0.000000 0.089552 0.805970 0.074627 0.029851 0.134328 0.746269 0.014925 0.014925 0.238806 0.044776 0.238806 0.044776 0.000000 0.134328 0.000000 0.104478 0.000000 0.074627 0.000000 0.014925 0.000000 0.000000 0.000000 0.014925 0.000000 0.134328 0.014925 0.000000 0.029851 0.000000 0.000000 0.000000 0.014925 0.000000 0.000000 0.000000 0.000000 0.014925 0.000000 0.000000 0.000000
0.000000 0.000000 0.000000 0.183333 0.166667 0.233333 0.416667 0.366667 0.733333 0.316667 0.166667 0.416667 0.166667 0.066667 0.366667 0.266667 0.016667 0.366667 0.100000 0.150000 0.000000 0.000000 0.100000 0.000000 0.033333 0.016667 0.100000 0.100000 0.000000 0.016667 0.033333 0.083333 0.066667 0.033333 0.016667 0.016667 0.033333 0.016667 0.050000 0.000000 0.066667 0.000000 0.016667 0.000000 0.016667 0.016667 0.000000 0.000000
0.000000 0.000000 0.960000 0.000000 0.000000 0.000000 0.040000 0.540000 0.020000 0.620000 0.120000 0.040000 0.260000 0.380000 0.020000 0.040000 0.160000 0.000000 0.260000 0.000000 0.000000 0.000000 0.100000 0.200000 0.120000 0.000000 0.000000 0.000000 0.000000 0.000000 0.060000 0.020000 0.000000 0.040000 0.020000 0.000000 0.000000 0.020000 0.000000 0.080000 0.000000 0.000000 0.000000 0.000000 0.000000 0.000000 0.000000 0.000000
0.000000 0.000000 0.180000 0.320000 0.200000 0.280000 0.020000 0.700000 0.560000 0.440000 0.300000 0.240000 0.120000 0.200000 0.120000 0.140000 0.160000 0.220000 0.100000 0.140000 0.120000 0.100000 0.000000 0.080000 0.040000 0.060000 0.000000 0.040000 0.040000 0.060000 0.040000 0.000000 0.000000 0.040000 0.020000 0.020000 0.000000 0.000000 0.020000 0.000000 0.040000 0.000000 0.000000 0.000000 0.000000 0.000000 0.020000 0.000000
0.000000 0.000000 0.939394 0.000000 0.060606 0.000000 0.000000 0.606061 0.030303 0.393939 0.333333 0.060606 0.181818 0.575758 0.000000 0.151515 0.151515 0.000000 0.393939 0.000000 0.000000 0.303030 0.121212 0.000000 0.333333 0.030303 0.000000 0.000000 0.030303 0.000000 0.151515 0.000000 0.000000 0.030303 0.090909 0.000000 0.000000 0.000000 0.000000 0.090909 0.000000 0.000000 0.000000 0.000000 0.060606 0.000000 0.000000 0.000000
0.000000 0.000000 0.625000 0.000000 0.041667 0.208333 0.125000 0.375000 0.208333 0.291667 0.208333 0.208333 0.250000 0.291667 0.208333 0.208333 0.166667 0.125000 0.291667 0.208333 0.083333 0.250000 0.083333 0.458333 0.000000 0.041667 0.041667 0.041667 0.041667 0.000000 0.083333 0.041667 0.000000 0.041667 0.041667 0.000000 0.000000 0.000000 0.000000 0.083333 0.000000 0.000000 0.000000 0.000000 0.000000 0.000000 0.000000 0.000000
0.000000 0.000000 0.000000 0.347826 0.652174 0.000000 0.000000 0.869565 0.173913 0.130435 0.565217 0.565217 0.000000 0.391304 0.086957 0.347826 0.260870 0.086957 0.260870 0.000000 0.043478 0.000000 0.130435 0.043478 0.043478 0.000000 0.000000 0.043478 0.086957 0.086957 0.000000 0.043478 0.000000 0.086957 0.086957 0.000000 0.000000 0.000000 0.000000 0.000000 0.000000 0.000000 0.000000 0.000000 0.000000 0.000000 0.000000 0.000000
0.000000 0.000000 0.000000 0.142857 0.142857 0.095238 0.619048 0.285714 0.619048 0.190476 0.000000 0.714286 0.190476 0.000000 0.428571 0.095238 0.000000 0.238095 0.000000 0.047619 0.285714 0.000000 0.000000 0.000000 0.047619 0.000000 0.000000 0.047619 0.000000 0.000000 0.047619 0.047619 0.047619 0.000000 0.000000 0.000000 0.095238 0.095238 0.000000 0.000000 0.095238 0.047619 0.000000 0.047619 0.000000 0.000000 0.000000 0.000000
0.000000 0.000000 0.000000 0.000000 0.150000 0.050000 0.800000 0.250000 0.300000 0.050000 0.000000 0.350000 0.150000 0.100000 0.900000 0.400000 0.100000 0.200000 0.150000 0.000000 0.300000 0.000000 0.100000 0.000000 0.050000 0.050000 0.050000 0.000000 0.000000 0.050000 0.000000 0.200000 0.000000 0.050000 0.000000 0.050000 0.100000 0.050000 0.050000 0.000000 0.000000 0.050000 0.050000 0.000000 0.000000 0.050000 0.050000 0.000000
0.000000 0.000000 0.000000 0.000000 1.000000 0.000000 0.000000 0.894737 0.789474 0.421053 0.631579 0.263158 0.000000 0.052632 0.157895 0.052632 0.157895 0.105263 0.105263 0.000000 0.000000 0.000000 0.105263 0.052632 0.052632 0.105263 0.000000 0.000000 0.000000 0.105263 0.000000 0.000000 0.000000 0.000000 0.157895 0.000000 0.000000 0.000000 0.000000 0.000000 0.000000 0.000000 0.000000 0.000000 0.000000 0.000000 0.000000 0.000000
0.000000 0.000000 0.000000 0.000000 1.000000 0.000000 0.000000 0.722222 0.555556 0.388889 0.666667 0.333333 0.055556 0.388889 0.111111 0.222222 0.166667 0.166667 0.111111 0.000000 0.055556 0.000000 0.166667 0.000000 0.000000 0.111111 0.000000 0.055556 0.111111 0.000000 0.000000 0.000000 0.000000 0.055556 0.111111 0.000000 0.000000 0.000000 0.000000 0.000000 0.000000 0.000000 0.000000 0.000000 0.000000 0.000000 0.000000 0.000000
0.000000 0.000000 0.529412 0.117647 0.176471 0.000000 0.176471 0.588235 0.411765 0.529412 0.176471 0.000000 0.235294 0.411765 0.176471 0.176471 0.235294 0.000000 0.117647 0.058824 0.117647 0.176471 0.117647 0.294118 0.117647 0.000000 0.058824 0.000000 0.000000 0.000000 0.000000 0.000000 0.000000 0.058824 0.000000 0.058824 0.000000 0.000000 0.000000 0.058824 0.000000 0.000000 0.000000 0.000000 0.000000 0.000000 0.000000 0.000000
0.000000 0.000000 0.000000 0.000000 0.062500 0.000000 0.937500 0.062500 0.312500 0.062500 0.000000 0.500000 0.187500 0.000000 0.750000 0.375000 0.000000 0.250000 0.062500 0.000000 0.312500 0.062500 0.000000 0.000000 0.062500 0.062500 0.062500 0.250000 0.000000 0.000000 0.000000 0.000000 0.000000 0.062500 0.062500 0.000000 0.187500 0.062500 0.125000 0.000000 0.000000 0.062500 0.125000 0.125000 0.000000 0.125000 0.000000 0.000000
0.000000 0.000000 0.062500 0.000000 0.125000 0.812500 0.000000 0.250000 0.687500 0.312500 0.062500 0.125000 0.875000 0.062500 0.062500 0.250000 0.187500 0.250000 0.000000 0.562500 0.250000 0.000000 0.000000 0.000000 0.000000 0.000000 0.062500 0.000000 0.000000 0.000000 0.000000 0.000000 0.000000 0.000000 0.000000 0.062500 0.000000 0.000000 0.000000 0.062500 0.000000 0.000000 0.000000 0.000000 0.000000 0.000000 0.000000 0.000000
0.000000 0.000000 0.133333 0.066667 0.066667 0.066667 0.666667 0.266667 0.333333 0.333333 0.133333 0.466667 0.066667 0.133333 0.533333 0.466667 0.000000 0.400000 0.000000 0.066667 0.133333 0.133333 0.133333 0.066667 0.066667 0.133333 0.000000 0.066667 0.000000 0.066667 0.066667 0.066667 0.000000 0.000000 0.000000 0.000000 0.000000 0.066667 0.000000 0.000000 0.066667 0.000000 0.000000 0.000000 0.000000 0.000000 0.000000 0.000000
0.000000 0.000000 0.142857 0.214286 0.642857 0.000000 0.000000 0.714286 0.214286 0.357143 0.571429 0.214286 0.071429 0.285714 0.000000 0.214286 0.285714 0.142857 0.071429 0.000000 0.071429 0.071429 0.071429 0.214286 0.071429 0.142857 0.000000 0.000000 0.214286 0.142857 0.000000 0.071429 0.000000 0.000000 0.000000 0.000000 0.000000 0.000000 0.000000 0.000000 0.000000 0.000000 0.000000 0.000000 0.000000 0.000000 0.000000 0.000000
0.000000 0.000000 0.083333 0.416667 0.166667 0.083333 0.250000 0.666667 0.416667 0.416667 0.166667 0.250000 0.166667 0.083333 0.333333 0.250000 0.250000 0.083333 0.000000 0.166667 0.083333 0.000000 0.083333 0.000000 0.000000 0.000000 0.000000 0.083333 0.000000 0.000000 0.083333 0.000000 0.083333 0.000000 0.000000 0.000000 0.000000 0.083333 0.083333 0.000000 0.000000 0.000000 0.000000 0.000000 0.000000 0.000000 0.000000 0.000000
0.000000 0.000000 0.000000 0.000000 0.000000 0.000000 1.000000 0.000000 0.272727 0.000000 0.000000 0.545455 0.272727 0.000000 0.909091 0.363636 0.000000 0.454545 0.000000 0.000000 0.181818 0.000000 0.000000 0.000000 0.000000 0.000000 0.181818 0.181818 0.000000 0.000000 0.000000 0.272727 0.000000 0.000000 0.000000 0.000000 0.000000 0.181818 0.000000 0.000000 0.000000 0.272727 0.090909 0.181818 0.000000 0.090909 0.000000 0.000000
0.000000 0.000000 0.000000 0.000000 0.000000 0.000000 1.000000 0.000000 0.200000 0.200000 0.000000 0.500000 0.200000 0.000000 0.700000 0.300000 0.000000 0.300000 0.100000 0.000000 0.100000 0.100000 0.000000 0.000000 0.000000 0.000000 0.200000 0.100000 0.000000 0.000000 0.000000 0.100000 0.000000 0.100000 0.000000 0.100000 0.200000 0.000000 0.100000 0.000000 0.000000 0.100000 0.000000 0.000000 0.000000 0.000000 0.000000 0.000000
0.000000 0.000000 0.000000 0.100000 0.000000 0.000000 0.900000 0.200000 0.300000 0.200000 0.100000 0.500000 0.100000 0.000000 0.800000 0.300000 0.000000 0.600000 0.100000 0.000000 0.300000 0.000000 0.100000 0.000000 0.000000 0.000000 0.000000 0.100000 0.000000 0.000000 0.000000 0.200000 0.000000 0.000000 0.000000 0.100000 0.000000 0.100000 0.000000 0.000000 0.000000 0.100000 0.100000 0.000000 0.000000 0.100000 0.000000 0.000000
0.000000 0.000000 0.666667 0.111111 0.000000 0.111111 0.111111 0.111111 0.222222 0.666667 0.000000 0.000000 0.444444 0.444444 0.111111 0.222222 0.111111 0.000000 0.555556 0.111111 0.000000 0.444444 0.000000 0.333333 0.222222 0.000000 0.000000 0.000000 0.000000 0.000000 0.111111 0.000000 0.111111 0.000000 0.000000 0.000000 0.000000 0.000000 0.000000 0.000000 0.000000 0.000000 0.000000 0.000000 0.000000 0.000000 0.000000 0.000000
0.000000 0.000000 0.125000 0.375000 0.125000 0.000000 0.375000 0.375000 0.625000 0.500000 0.125000 0.500000 0.125000 0.125000 0.250000 0.250000 0.125000 0.250000 0.000000 0.000000 0.500000 0.000000 0.250000 0.000000 0.000000 0.000000 0.250000 0.000000 0.000000 0.000000 0.000000 0.000000 0.000000 0.125000 0.000000 0.000000 0.000000 0.000000 0.000000 0.000000 0.000000 0.000000 0.000000 0.000000 0.000000 0.000000 0.125000 0.000000
0.000000 0.000000 0.000000 0.000000 0.000000 0.000000 1.000000 0.000000 0.166667 0.000000 0.000000 0.666667 0.500000 0.000000 1.000000 0.666667 0.000000 0.500000 0.000000 0.000000 0.000000 0.000000 0.000000 0.000000 0.000000 0.000000 0.166667 0.166667 0.000000 0.000000 0.000000 0.166667 0.000000 0.000000 0.000000 0.000000 0.500000 0.166667 0.166667 0.000000 0.000000 0.000000 0.000000 0.333333 0.000000 0.166667 0.000000 0.000000
0.000000 0.000000 0.000000 0.000000 0.000000 0.000000 1.000000 0.000000 0.200000 0.000000 0.000000 0.200000 0.200000 0.000000 0.800000 0.400000 0.000000 0.600000 0.000000 0.000000 0.200000 0.000000 0.000000 0.000000 0.000000 0.000000 0.000000 0.200000 0.000000 0.000000 0.000000 0.400000 0.000000 0.000000 0.000000 0.000000 0.200000 0.000000 0.200000 0.000000 0.000000 0.000000 0.000000 0.000000 0.000000 0.000000 0.000000 0.000000
0.000000 0.000000 0.000000 0.000000 0.000000 0.000000 1.000000 0.000000 0.250000 0.000000 0.000000 0.750000 0.500000 0.000000 1.000000 0.250000 0.000000 0.500000 0.000000 0.000000 0.000000 0.000000 0.000000 0.000000 0.000000 0.000000 0.250000 0.000000 0.000000 0.000000 0.000000 0.500000 0.000000 0.000000 0.000000 0.000000 0.500000 0.000000 0.000000 0.000000 0.000000 0.500000 0.000000 0.000000 0.000000 0.250000 0.000000 0.000000
0.000000 0.000000 0.666667 0.000000 0.000000 0.333333 0.000000 0.000000 0.333333 0.000000 0.000000 0.000000 0.000000 0.666667 0.000000 0.000000 0.000000 0.333333 0.000000 0.333333 0.333333 0.000000 0.000000 0.666667 0.000000 0.000000 0.000000 0.000000 0.000000 0.000000 0.000000 0.000000 0.000000 0.000000 0.000000 0.000000 0.000000 0.000000 0.000000 0.000000 0.000000 0.000000 0.000000 0.000000 0.000000 0.000000 0.000000 0.000000
0.000000 0.000000 0.000000 0.000000 0.000000 0.000000 1.000000 0.000000 0.000000 0.000000 0.000000 0.666667 0.333333 0.000000 1.000000 0.666667 0.000000 0.000000 0.000000 0.000000 0.333333 0.000000 0.000000 0.000000 0.000000 0.000000 0.000000 0.333333 0.000000 0.000000 0.000000 0.666667 0.000000 0.000000 0.000000 0.000000 0.333333 0.000000 0.333333 0.000000 0.000000 0.333333 0.000000 0.333333 0.000000 0.000000 0.000000 0.000000
0.000000 0.000000 0.666667 0.000000 0.000000 0.000000 0.333333 0.000000 0.000000 0.333333 0.333333 0.000000 0.000000 0.000000 0.333333 0.000000 0.333333 0.000000 0.000000 0.000000 0.000000 0.000000 0.333333 0.000000 0.000000 0.000000 0.000000 0.333333 0.000000 0.000000 0.000000 0.000000 0.000000 0.000000 0.000000 0.000000 0.000000 0.000000 0.000000 0.000000 0.333333 0.000000 0.000000 0.000000 0.000000 0.000000 0.000000 0.000000
0.000000 0.000000 0.000000 0.000000 0.000000 0.000000 1.000000 0.000000 0.000000 0.000000 0.000000 0.000000 0.000000 0.000000 1.000000 0.000000 0.000000 0.000000 0.000000 0.000000 0.000000 0.000000 0.000000 0.000000 0.000000 0.000000 0.000000 0.000000 0.000000 0.000000 0.000000 0.000000 0.000000 0.000000 0.000000 0.000000 0.000000 0.000000 0.000000 0.000000 0.000000 0.000000 0.000000 0.000000 0.000000 0.000000 0.000000 0.000000
